euclidean
10
-25.126530417 13.625489214
-25.126530417 13.625489214
-25.126530417 13.625489214
-25.126530417 13.625489214
-25.126530417 13.625489214
-25.126530417 13.625489214
-25.126530417 13.625489214
-25.126530417 13.625489214
-25.126530417 13.625489214
-25.126530417 13.625489214
0	75.7063	112.931	96.9213	29.5631	80.9061	97.6433	46.9102	165.849	95.9701	
75.7063	0	88.551	157.322	49.8669	152.89	169.552	110.136	128.956	91.3512	
112.931	88.551	0	134.726	108.856	188.835	204.668	110.285	53.3726	26.8812	
96.9213	157.322	134.726	0	124.178	107.855	116.061	50.3231	180.672	107.845	
29.5631	49.8669	108.856	124.178	0	103.026	119.686	73.8857	159.038	98.458	
80.9061	152.89	188.835	107.855	103.026	0	16.7854	85.2879	242.184	167.334	
97.6433	169.552	204.668	116.061	119.686	16.7854	0	99.1438	257.959	182.636	
46.9102	110.136	110.285	50.3231	73.8857	85.2879	99.1438	0	162.402	85.763	
165.849	128.956	53.3726	180.672	159.038	242.184	257.959	162.402	0	76.7067	
95.9701	91.3512	26.8812	107.845	98.458	167.334	182.636	85.763	76.7067	0	
